x,y
315452,270783
16389.5,103868
5516.69,86638.7
-78023.8,172492
255941,194332
-64711.5,31656.1
-67802.1,68723.3
82754.2,37510.1
231645,75175.9
-31047.3,56959.7
-121524,67630.2
-59961.6,-185716
68881.7,-34972.3
-42778.7,-150130
203574,-27787.8
260786,117752
83929.8,-50330.2
29536.7,104795
-88392.5,54213
155270,216671
-29183.4,-72059.5
-94001.4,57580.6
-53550.7,152742
59676.7,40903
125892,-78713.9
25425.7,83363.2
-145713,-24967.7
-107545,-39264.6
-59347.3,-90420.1
-124964,-309434
100521,-142396
144783,-86354.4
258453,69738
117947,70740.2
109382,43693.9
-89441,32978.7
181967,168565
112124,64059.6
143440,-127896
12164.9,-143877
113230,-88143.4
81375.4,137449
174287,-73428.4
88016.7,-111567
107466,-100332
98308.5,-40878.9
113310,-144899
97181.1,-205469
123871,19459.1
28785,165791
160919,-98404.7
-18603.2,56372.8
-2348.23,-59883
334477,172519
152599,22165.6
-125836,-62026.6
-167113,152399
-88869.7,156178
-18331.1,4856.82
-214169,-15451.4
-189064,149197
-71280.6,84656.1
-151143,-144618
102497,-153217
195659,67730.9
113783,312786
5903.75,3382.57
57403.1,-213206
273507,-106124
229693,129351
76777.3,137964
139492,85316.5
243524,10193
99781.2,74979.3
-71862.2,-85298.7
144893,-49193
-42589.7,-20478.8
43352.9,30091.8
-40641.3,-145955
250023,-154934
246910,195254
19546.1,-28405.3
-100528,65913.5
-70913,-23037.5
-1549.61,52803.2
-92773.6,-118857
-36337.5,-74583.5
-68698.4,-69577
-178942,-20818.3
31186.5,-47805.3
116074,-77736
144305,-29536.7
-16908.8,84927.1
133241,136149
-112057,-120077
-110861,74572.1
7717.43,-233898
93428.2,-120745
88945.6,241893
68024.1,12520.4
-133896,-18228.8
-150588,-86972.1
99063.8,51526.7
61557,30986.6
-98040.5,-204533
42545,-216236
185959,51295.8
-149907,213055
-27700.9,26861
-39632.6,94020.7
-150981,31275.6
-164743,29257
43517.9,-74826.4
117266,-350763
222459,133585
147588,-24322.2
28867.4,-233135
19526.3,7291.53
200584,-59801.1
171415,-120853
-21101.6,-170613
-476.634,2048.04
-97339.3,120599
-44743.3,-75693.6
-175778,119841
-275722,136776
-123883,-34034.9
-243072,-179812
523643,326204
-178495,138290
-74766.9,112453
-250883,15196.2
195145,79312.5
8540.83,60314.6
257025,87139.5
132347,136104
187679,-157647
127111,-155218
130182,140336
18290.7,198340
-151599,-219045
25560.4,182857
61808,61437.6
18344,-176589
-30238.6,-34813.2
134390,377437
181773,20462.9
-204134,-352321
-26890.5,-365095
103816,-13539.4
310740,-85999.5
10357.5,-61645.7
-32290.7,-185485
238947,47536.4
301201,63917.4
116976,-46686.7
30214.2,174749
-381361,18629.2
244.574,4695.7
3176,-189435
69465.2,-223820
269058,-198886
102293,-772.985
-116745,-33048.6
36684.1,-84662.1
16940.4,-147635
-42024.9,-19839.3
-406755,-253235
237348,-238221
144626,39677.1
133681,-21915.4
-23885.2,-11414.6
-203048,-147003
-86276.5,-302614
117641,-124809
73131.9,-57982.8
386707,63620.5
74460.7,186242
38781.2,50585.2
464397,9830.14
-26188.5,-93196.9
136105,344276
-3841.29,81714.8
227358,265784
66417.3,135651
118707,154335
17038.5,-63817.1
83758.6,16998.2
-326553,328926
227661,-121649
122160,-140946
165520,47080.9
130291,-4480.86
219960,-95195.4
243985,-59408.4
-104042,126828
-25816.3,-135183
191826,-149379
153475,-71676
-56000.3,56338.7
165936,-126940
13130.6,164549
45297.3,-85043.6
-336156,5411.75
-186314,24635.8
139941,-163178
197581,-151560
-252462,-30996.5
299387,102573
218361,-47277
226986,-75983
176377,119447
191910,-261478
156137,60964.6
141169,79354.3
88212,-19682.3
71851.8,44656.1
116177,27288.9
168527,-118062
-324356,-79433.6
49567.4,-112657
403083,456795
459919,107351
93337.4,-138155
-312337,169578
-302669,7721.35
165326,-128770
-140372,-72820.6
8832.39,246480
-531526,277570
-81862.4,87423.1
-315054,160296
-90184.8,186064
-263577,73139.5
-80821.7,-54058.3
-388834,159933
-31171.5,186538
-113487,163926
-19108.9,244282
-216765,502445
-69355.6,-68688.5
-48392.7,-98100.6
-221262,-130810
-318294,-134677
-380790,72590.8
58090,-478298
-46048.5,-129180
-105243,-107030
62201.8,-215820
183492,-198383
43358.8,-2803.83
132539,360667
199261,209632
-271910,93187.2
-248581,36077
-36323.3,44804.1
